{
 "cells": [
  {
   "cell_type": "code",
   "execution_count": 223,
   "metadata": {},
   "outputs": [],
   "source": [
    "import numpy as np # linear algebra\n",
    "import pandas as pd # data processing, CSV file I/O (e.g. pd.read_csv)\n",
    "import matplotlib.pyplot as plt       # matplotlib.pyplot plots data\n",
    "%matplotlib inline \n",
    "import seaborn as sns"
   ]
  },
  {
   "cell_type": "code",
   "execution_count": null,
   "metadata": {},
   "outputs": [],
   "source": []
  },
  {
   "cell_type": "code",
   "execution_count": null,
   "metadata": {},
   "outputs": [],
   "source": []
  },
  {
   "cell_type": "code",
   "execution_count": 224,
   "metadata": {},
   "outputs": [],
   "source": [
    "pdata = pd.read_csv(\"Bank_Personal_Loan_Modelling.csv\")"
   ]
  },
  {
   "cell_type": "code",
   "execution_count": 225,
   "metadata": {},
   "outputs": [
    {
     "data": {
      "text/plain": [
       "(5000, 14)"
      ]
     },
     "execution_count": 225,
     "metadata": {},
     "output_type": "execute_result"
    }
   ],
   "source": [
    "pdata.shape # Check number of columns and rows in data frame"
   ]
  },
  {
   "cell_type": "code",
   "execution_count": 226,
   "metadata": {},
   "outputs": [
    {
     "data": {
      "text/plain": [
       "<bound method NDFrame.head of         ID  Age  Experience  Income  ZIP Code  Family  CCAvg  Education  \\\n",
       "0        1   25           1      49     91107       4    1.6          1   \n",
       "1        2   45          19      34     90089       3    1.5          1   \n",
       "2        3   39          15      11     94720       1    1.0          1   \n",
       "3        4   35           9     100     94112       1    2.7          2   \n",
       "4        5   35           8      45     91330       4    1.0          2   \n",
       "...    ...  ...         ...     ...       ...     ...    ...        ...   \n",
       "4995  4996   29           3      40     92697       1    1.9          3   \n",
       "4996  4997   30           4      15     92037       4    0.4          1   \n",
       "4997  4998   63          39      24     93023       2    0.3          3   \n",
       "4998  4999   65          40      49     90034       3    0.5          2   \n",
       "4999  5000   28           4      83     92612       3    0.8          1   \n",
       "\n",
       "      Mortgage  Personal Loan  Securities Account  CD Account  Online  \\\n",
       "0            0              0                   1           0       0   \n",
       "1            0              0                   1           0       0   \n",
       "2            0              0                   0           0       0   \n",
       "3            0              0                   0           0       0   \n",
       "4            0              0                   0           0       0   \n",
       "...        ...            ...                 ...         ...     ...   \n",
       "4995         0              0                   0           0       1   \n",
       "4996        85              0                   0           0       1   \n",
       "4997         0              0                   0           0       0   \n",
       "4998         0              0                   0           0       1   \n",
       "4999         0              0                   0           0       1   \n",
       "\n",
       "      CreditCard  \n",
       "0              0  \n",
       "1              0  \n",
       "2              0  \n",
       "3              0  \n",
       "4              1  \n",
       "...          ...  \n",
       "4995           0  \n",
       "4996           0  \n",
       "4997           0  \n",
       "4998           0  \n",
       "4999           1  \n",
       "\n",
       "[5000 rows x 14 columns]>"
      ]
     },
     "execution_count": 226,
     "metadata": {},
     "output_type": "execute_result"
    }
   ],
   "source": [
    "pdata.head"
   ]
  },
  {
   "cell_type": "code",
   "execution_count": 227,
   "metadata": {},
   "outputs": [
    {
     "data": {
      "text/plain": [
       "False"
      ]
     },
     "execution_count": 227,
     "metadata": {},
     "output_type": "execute_result"
    }
   ],
   "source": [
    "pdata.isnull().values.any() ## null check"
   ]
  },
  {
   "cell_type": "code",
   "execution_count": 228,
   "metadata": {},
   "outputs": [
    {
     "data": {
      "text/html": [
       "<div>\n",
       "<style scoped>\n",
       "    .dataframe tbody tr th:only-of-type {\n",
       "        vertical-align: middle;\n",
       "    }\n",
       "\n",
       "    .dataframe tbody tr th {\n",
       "        vertical-align: top;\n",
       "    }\n",
       "\n",
       "    .dataframe thead th {\n",
       "        text-align: right;\n",
       "    }\n",
       "</style>\n",
       "<table border=\"1\" class=\"dataframe\">\n",
       "  <thead>\n",
       "    <tr style=\"text-align: right;\">\n",
       "      <th></th>\n",
       "      <th>ID</th>\n",
       "      <th>Age</th>\n",
       "      <th>Experience</th>\n",
       "      <th>Income</th>\n",
       "      <th>ZIP Code</th>\n",
       "      <th>Family</th>\n",
       "      <th>CCAvg</th>\n",
       "      <th>Education</th>\n",
       "      <th>Mortgage</th>\n",
       "      <th>Personal Loan</th>\n",
       "      <th>Securities Account</th>\n",
       "      <th>CD Account</th>\n",
       "      <th>Online</th>\n",
       "      <th>CreditCard</th>\n",
       "    </tr>\n",
       "  </thead>\n",
       "  <tbody>\n",
       "    <tr>\n",
       "      <td>ID</td>\n",
       "      <td>1.000000</td>\n",
       "      <td>-0.008473</td>\n",
       "      <td>-0.008326</td>\n",
       "      <td>-0.017695</td>\n",
       "      <td>0.013432</td>\n",
       "      <td>-0.016797</td>\n",
       "      <td>-0.024675</td>\n",
       "      <td>0.021463</td>\n",
       "      <td>-0.013920</td>\n",
       "      <td>-0.024801</td>\n",
       "      <td>-0.016972</td>\n",
       "      <td>-0.006909</td>\n",
       "      <td>-0.002528</td>\n",
       "      <td>0.017028</td>\n",
       "    </tr>\n",
       "    <tr>\n",
       "      <td>Age</td>\n",
       "      <td>-0.008473</td>\n",
       "      <td>1.000000</td>\n",
       "      <td>0.994215</td>\n",
       "      <td>-0.055269</td>\n",
       "      <td>-0.029216</td>\n",
       "      <td>-0.046418</td>\n",
       "      <td>-0.052012</td>\n",
       "      <td>0.041334</td>\n",
       "      <td>-0.012539</td>\n",
       "      <td>-0.007726</td>\n",
       "      <td>-0.000436</td>\n",
       "      <td>0.008043</td>\n",
       "      <td>0.013702</td>\n",
       "      <td>0.007681</td>\n",
       "    </tr>\n",
       "    <tr>\n",
       "      <td>Experience</td>\n",
       "      <td>-0.008326</td>\n",
       "      <td>0.994215</td>\n",
       "      <td>1.000000</td>\n",
       "      <td>-0.046574</td>\n",
       "      <td>-0.028626</td>\n",
       "      <td>-0.052563</td>\n",
       "      <td>-0.050077</td>\n",
       "      <td>0.013152</td>\n",
       "      <td>-0.010582</td>\n",
       "      <td>-0.007413</td>\n",
       "      <td>-0.001232</td>\n",
       "      <td>0.010353</td>\n",
       "      <td>0.013898</td>\n",
       "      <td>0.008967</td>\n",
       "    </tr>\n",
       "    <tr>\n",
       "      <td>Income</td>\n",
       "      <td>-0.017695</td>\n",
       "      <td>-0.055269</td>\n",
       "      <td>-0.046574</td>\n",
       "      <td>1.000000</td>\n",
       "      <td>-0.016410</td>\n",
       "      <td>-0.157501</td>\n",
       "      <td>0.645984</td>\n",
       "      <td>-0.187524</td>\n",
       "      <td>0.206806</td>\n",
       "      <td>0.502462</td>\n",
       "      <td>-0.002616</td>\n",
       "      <td>0.169738</td>\n",
       "      <td>0.014206</td>\n",
       "      <td>-0.002385</td>\n",
       "    </tr>\n",
       "    <tr>\n",
       "      <td>ZIP Code</td>\n",
       "      <td>0.013432</td>\n",
       "      <td>-0.029216</td>\n",
       "      <td>-0.028626</td>\n",
       "      <td>-0.016410</td>\n",
       "      <td>1.000000</td>\n",
       "      <td>0.011778</td>\n",
       "      <td>-0.004061</td>\n",
       "      <td>-0.017377</td>\n",
       "      <td>0.007383</td>\n",
       "      <td>0.000107</td>\n",
       "      <td>0.004704</td>\n",
       "      <td>0.019972</td>\n",
       "      <td>0.016990</td>\n",
       "      <td>0.007691</td>\n",
       "    </tr>\n",
       "    <tr>\n",
       "      <td>Family</td>\n",
       "      <td>-0.016797</td>\n",
       "      <td>-0.046418</td>\n",
       "      <td>-0.052563</td>\n",
       "      <td>-0.157501</td>\n",
       "      <td>0.011778</td>\n",
       "      <td>1.000000</td>\n",
       "      <td>-0.109275</td>\n",
       "      <td>0.064929</td>\n",
       "      <td>-0.020445</td>\n",
       "      <td>0.061367</td>\n",
       "      <td>0.019994</td>\n",
       "      <td>0.014110</td>\n",
       "      <td>0.010354</td>\n",
       "      <td>0.011588</td>\n",
       "    </tr>\n",
       "    <tr>\n",
       "      <td>CCAvg</td>\n",
       "      <td>-0.024675</td>\n",
       "      <td>-0.052012</td>\n",
       "      <td>-0.050077</td>\n",
       "      <td>0.645984</td>\n",
       "      <td>-0.004061</td>\n",
       "      <td>-0.109275</td>\n",
       "      <td>1.000000</td>\n",
       "      <td>-0.136124</td>\n",
       "      <td>0.109905</td>\n",
       "      <td>0.366889</td>\n",
       "      <td>0.015086</td>\n",
       "      <td>0.136534</td>\n",
       "      <td>-0.003611</td>\n",
       "      <td>-0.006689</td>\n",
       "    </tr>\n",
       "    <tr>\n",
       "      <td>Education</td>\n",
       "      <td>0.021463</td>\n",
       "      <td>0.041334</td>\n",
       "      <td>0.013152</td>\n",
       "      <td>-0.187524</td>\n",
       "      <td>-0.017377</td>\n",
       "      <td>0.064929</td>\n",
       "      <td>-0.136124</td>\n",
       "      <td>1.000000</td>\n",
       "      <td>-0.033327</td>\n",
       "      <td>0.136722</td>\n",
       "      <td>-0.010812</td>\n",
       "      <td>0.013934</td>\n",
       "      <td>-0.015004</td>\n",
       "      <td>-0.011014</td>\n",
       "    </tr>\n",
       "    <tr>\n",
       "      <td>Mortgage</td>\n",
       "      <td>-0.013920</td>\n",
       "      <td>-0.012539</td>\n",
       "      <td>-0.010582</td>\n",
       "      <td>0.206806</td>\n",
       "      <td>0.007383</td>\n",
       "      <td>-0.020445</td>\n",
       "      <td>0.109905</td>\n",
       "      <td>-0.033327</td>\n",
       "      <td>1.000000</td>\n",
       "      <td>0.142095</td>\n",
       "      <td>-0.005411</td>\n",
       "      <td>0.089311</td>\n",
       "      <td>-0.005995</td>\n",
       "      <td>-0.007231</td>\n",
       "    </tr>\n",
       "    <tr>\n",
       "      <td>Personal Loan</td>\n",
       "      <td>-0.024801</td>\n",
       "      <td>-0.007726</td>\n",
       "      <td>-0.007413</td>\n",
       "      <td>0.502462</td>\n",
       "      <td>0.000107</td>\n",
       "      <td>0.061367</td>\n",
       "      <td>0.366889</td>\n",
       "      <td>0.136722</td>\n",
       "      <td>0.142095</td>\n",
       "      <td>1.000000</td>\n",
       "      <td>0.021954</td>\n",
       "      <td>0.316355</td>\n",
       "      <td>0.006278</td>\n",
       "      <td>0.002802</td>\n",
       "    </tr>\n",
       "    <tr>\n",
       "      <td>Securities Account</td>\n",
       "      <td>-0.016972</td>\n",
       "      <td>-0.000436</td>\n",
       "      <td>-0.001232</td>\n",
       "      <td>-0.002616</td>\n",
       "      <td>0.004704</td>\n",
       "      <td>0.019994</td>\n",
       "      <td>0.015086</td>\n",
       "      <td>-0.010812</td>\n",
       "      <td>-0.005411</td>\n",
       "      <td>0.021954</td>\n",
       "      <td>1.000000</td>\n",
       "      <td>0.317034</td>\n",
       "      <td>0.012627</td>\n",
       "      <td>-0.015028</td>\n",
       "    </tr>\n",
       "    <tr>\n",
       "      <td>CD Account</td>\n",
       "      <td>-0.006909</td>\n",
       "      <td>0.008043</td>\n",
       "      <td>0.010353</td>\n",
       "      <td>0.169738</td>\n",
       "      <td>0.019972</td>\n",
       "      <td>0.014110</td>\n",
       "      <td>0.136534</td>\n",
       "      <td>0.013934</td>\n",
       "      <td>0.089311</td>\n",
       "      <td>0.316355</td>\n",
       "      <td>0.317034</td>\n",
       "      <td>1.000000</td>\n",
       "      <td>0.175880</td>\n",
       "      <td>0.278644</td>\n",
       "    </tr>\n",
       "    <tr>\n",
       "      <td>Online</td>\n",
       "      <td>-0.002528</td>\n",
       "      <td>0.013702</td>\n",
       "      <td>0.013898</td>\n",
       "      <td>0.014206</td>\n",
       "      <td>0.016990</td>\n",
       "      <td>0.010354</td>\n",
       "      <td>-0.003611</td>\n",
       "      <td>-0.015004</td>\n",
       "      <td>-0.005995</td>\n",
       "      <td>0.006278</td>\n",
       "      <td>0.012627</td>\n",
       "      <td>0.175880</td>\n",
       "      <td>1.000000</td>\n",
       "      <td>0.004210</td>\n",
       "    </tr>\n",
       "    <tr>\n",
       "      <td>CreditCard</td>\n",
       "      <td>0.017028</td>\n",
       "      <td>0.007681</td>\n",
       "      <td>0.008967</td>\n",
       "      <td>-0.002385</td>\n",
       "      <td>0.007691</td>\n",
       "      <td>0.011588</td>\n",
       "      <td>-0.006689</td>\n",
       "      <td>-0.011014</td>\n",
       "      <td>-0.007231</td>\n",
       "      <td>0.002802</td>\n",
       "      <td>-0.015028</td>\n",
       "      <td>0.278644</td>\n",
       "      <td>0.004210</td>\n",
       "      <td>1.000000</td>\n",
       "    </tr>\n",
       "  </tbody>\n",
       "</table>\n",
       "</div>"
      ],
      "text/plain": [
       "                          ID       Age  Experience    Income  ZIP Code  \\\n",
       "ID                  1.000000 -0.008473   -0.008326 -0.017695  0.013432   \n",
       "Age                -0.008473  1.000000    0.994215 -0.055269 -0.029216   \n",
       "Experience         -0.008326  0.994215    1.000000 -0.046574 -0.028626   \n",
       "Income             -0.017695 -0.055269   -0.046574  1.000000 -0.016410   \n",
       "ZIP Code            0.013432 -0.029216   -0.028626 -0.016410  1.000000   \n",
       "Family             -0.016797 -0.046418   -0.052563 -0.157501  0.011778   \n",
       "CCAvg              -0.024675 -0.052012   -0.050077  0.645984 -0.004061   \n",
       "Education           0.021463  0.041334    0.013152 -0.187524 -0.017377   \n",
       "Mortgage           -0.013920 -0.012539   -0.010582  0.206806  0.007383   \n",
       "Personal Loan      -0.024801 -0.007726   -0.007413  0.502462  0.000107   \n",
       "Securities Account -0.016972 -0.000436   -0.001232 -0.002616  0.004704   \n",
       "CD Account         -0.006909  0.008043    0.010353  0.169738  0.019972   \n",
       "Online             -0.002528  0.013702    0.013898  0.014206  0.016990   \n",
       "CreditCard          0.017028  0.007681    0.008967 -0.002385  0.007691   \n",
       "\n",
       "                      Family     CCAvg  Education  Mortgage  Personal Loan  \\\n",
       "ID                 -0.016797 -0.024675   0.021463 -0.013920      -0.024801   \n",
       "Age                -0.046418 -0.052012   0.041334 -0.012539      -0.007726   \n",
       "Experience         -0.052563 -0.050077   0.013152 -0.010582      -0.007413   \n",
       "Income             -0.157501  0.645984  -0.187524  0.206806       0.502462   \n",
       "ZIP Code            0.011778 -0.004061  -0.017377  0.007383       0.000107   \n",
       "Family              1.000000 -0.109275   0.064929 -0.020445       0.061367   \n",
       "CCAvg              -0.109275  1.000000  -0.136124  0.109905       0.366889   \n",
       "Education           0.064929 -0.136124   1.000000 -0.033327       0.136722   \n",
       "Mortgage           -0.020445  0.109905  -0.033327  1.000000       0.142095   \n",
       "Personal Loan       0.061367  0.366889   0.136722  0.142095       1.000000   \n",
       "Securities Account  0.019994  0.015086  -0.010812 -0.005411       0.021954   \n",
       "CD Account          0.014110  0.136534   0.013934  0.089311       0.316355   \n",
       "Online              0.010354 -0.003611  -0.015004 -0.005995       0.006278   \n",
       "CreditCard          0.011588 -0.006689  -0.011014 -0.007231       0.002802   \n",
       "\n",
       "                    Securities Account  CD Account    Online  CreditCard  \n",
       "ID                           -0.016972   -0.006909 -0.002528    0.017028  \n",
       "Age                          -0.000436    0.008043  0.013702    0.007681  \n",
       "Experience                   -0.001232    0.010353  0.013898    0.008967  \n",
       "Income                       -0.002616    0.169738  0.014206   -0.002385  \n",
       "ZIP Code                      0.004704    0.019972  0.016990    0.007691  \n",
       "Family                        0.019994    0.014110  0.010354    0.011588  \n",
       "CCAvg                         0.015086    0.136534 -0.003611   -0.006689  \n",
       "Education                    -0.010812    0.013934 -0.015004   -0.011014  \n",
       "Mortgage                     -0.005411    0.089311 -0.005995   -0.007231  \n",
       "Personal Loan                 0.021954    0.316355  0.006278    0.002802  \n",
       "Securities Account            1.000000    0.317034  0.012627   -0.015028  \n",
       "CD Account                    0.317034    1.000000  0.175880    0.278644  \n",
       "Online                        0.012627    0.175880  1.000000    0.004210  \n",
       "CreditCard                   -0.015028    0.278644  0.004210    1.000000  "
      ]
     },
     "execution_count": 228,
     "metadata": {},
     "output_type": "execute_result"
    }
   ],
   "source": [
    "#Question:1\n",
    "## priniting correlation between columns\n",
    "pdata.corr()  \n",
    "## based on below correlation matrix, some varibles are postively correalted and some are negatively correalted "
   ]
  },
  {
   "cell_type": "code",
   "execution_count": 243,
   "metadata": {},
   "outputs": [],
   "source": [
    "#Question:1\n",
    "## droping experiencce coloumn becasue both Experience and age are highly correalted \n",
    "##By droping Experience, we can handle negative values in Experience coloumn\n",
    "## droping ID column ,Experience, ZIP Code and loading into new dataframe : bankdata\n",
    "bankdata = pdata.drop(['ID','Experience','ZIP Code'], axis=1) \n",
    "\n",
    "#making Personal Loan as categorical coloumn\n",
    "bankdata['Personal Loan'] = bankdata['Personal Loan'].astype('category')"
   ]
  },
  {
   "cell_type": "code",
   "execution_count": 244,
   "metadata": {},
   "outputs": [
    {
     "data": {
      "text/plain": [
       "<bound method NDFrame.head of       Age  Income  Family  CCAvg  Education  Mortgage Personal Loan  \\\n",
       "0      25      49       4    1.6          1         0             0   \n",
       "1      45      34       3    1.5          1         0             0   \n",
       "2      39      11       1    1.0          1         0             0   \n",
       "3      35     100       1    2.7          2         0             0   \n",
       "4      35      45       4    1.0          2         0             0   \n",
       "...   ...     ...     ...    ...        ...       ...           ...   \n",
       "4995   29      40       1    1.9          3         0             0   \n",
       "4996   30      15       4    0.4          1        85             0   \n",
       "4997   63      24       2    0.3          3         0             0   \n",
       "4998   65      49       3    0.5          2         0             0   \n",
       "4999   28      83       3    0.8          1         0             0   \n",
       "\n",
       "      Securities Account  CD Account  Online  CreditCard  \n",
       "0                      1           0       0           0  \n",
       "1                      1           0       0           0  \n",
       "2                      0           0       0           0  \n",
       "3                      0           0       0           0  \n",
       "4                      0           0       0           1  \n",
       "...                  ...         ...     ...         ...  \n",
       "4995                   0           0       1           0  \n",
       "4996                   0           0       1           0  \n",
       "4997                   0           0       0           0  \n",
       "4998                   0           0       1           0  \n",
       "4999                   0           0       1           1  \n",
       "\n",
       "[5000 rows x 11 columns]>"
      ]
     },
     "execution_count": 244,
     "metadata": {},
     "output_type": "execute_result"
    }
   ],
   "source": [
    "bankdata.head"
   ]
  },
  {
   "cell_type": "code",
   "execution_count": 245,
   "metadata": {},
   "outputs": [
    {
     "data": {
      "text/html": [
       "<div>\n",
       "<style scoped>\n",
       "    .dataframe tbody tr th:only-of-type {\n",
       "        vertical-align: middle;\n",
       "    }\n",
       "\n",
       "    .dataframe tbody tr th {\n",
       "        vertical-align: top;\n",
       "    }\n",
       "\n",
       "    .dataframe thead th {\n",
       "        text-align: right;\n",
       "    }\n",
       "</style>\n",
       "<table border=\"1\" class=\"dataframe\">\n",
       "  <thead>\n",
       "    <tr style=\"text-align: right;\">\n",
       "      <th></th>\n",
       "      <th>Age</th>\n",
       "      <th>Income</th>\n",
       "      <th>Family</th>\n",
       "      <th>CCAvg</th>\n",
       "      <th>Education</th>\n",
       "      <th>Mortgage</th>\n",
       "      <th>Securities Account</th>\n",
       "      <th>CD Account</th>\n",
       "      <th>Online</th>\n",
       "      <th>CreditCard</th>\n",
       "    </tr>\n",
       "  </thead>\n",
       "  <tbody>\n",
       "    <tr>\n",
       "      <td>Age</td>\n",
       "      <td>1.000000</td>\n",
       "      <td>-0.055269</td>\n",
       "      <td>-0.046418</td>\n",
       "      <td>-0.052012</td>\n",
       "      <td>0.041334</td>\n",
       "      <td>-0.012539</td>\n",
       "      <td>-0.000436</td>\n",
       "      <td>0.008043</td>\n",
       "      <td>0.013702</td>\n",
       "      <td>0.007681</td>\n",
       "    </tr>\n",
       "    <tr>\n",
       "      <td>Income</td>\n",
       "      <td>-0.055269</td>\n",
       "      <td>1.000000</td>\n",
       "      <td>-0.157501</td>\n",
       "      <td>0.645984</td>\n",
       "      <td>-0.187524</td>\n",
       "      <td>0.206806</td>\n",
       "      <td>-0.002616</td>\n",
       "      <td>0.169738</td>\n",
       "      <td>0.014206</td>\n",
       "      <td>-0.002385</td>\n",
       "    </tr>\n",
       "    <tr>\n",
       "      <td>Family</td>\n",
       "      <td>-0.046418</td>\n",
       "      <td>-0.157501</td>\n",
       "      <td>1.000000</td>\n",
       "      <td>-0.109275</td>\n",
       "      <td>0.064929</td>\n",
       "      <td>-0.020445</td>\n",
       "      <td>0.019994</td>\n",
       "      <td>0.014110</td>\n",
       "      <td>0.010354</td>\n",
       "      <td>0.011588</td>\n",
       "    </tr>\n",
       "    <tr>\n",
       "      <td>CCAvg</td>\n",
       "      <td>-0.052012</td>\n",
       "      <td>0.645984</td>\n",
       "      <td>-0.109275</td>\n",
       "      <td>1.000000</td>\n",
       "      <td>-0.136124</td>\n",
       "      <td>0.109905</td>\n",
       "      <td>0.015086</td>\n",
       "      <td>0.136534</td>\n",
       "      <td>-0.003611</td>\n",
       "      <td>-0.006689</td>\n",
       "    </tr>\n",
       "    <tr>\n",
       "      <td>Education</td>\n",
       "      <td>0.041334</td>\n",
       "      <td>-0.187524</td>\n",
       "      <td>0.064929</td>\n",
       "      <td>-0.136124</td>\n",
       "      <td>1.000000</td>\n",
       "      <td>-0.033327</td>\n",
       "      <td>-0.010812</td>\n",
       "      <td>0.013934</td>\n",
       "      <td>-0.015004</td>\n",
       "      <td>-0.011014</td>\n",
       "    </tr>\n",
       "    <tr>\n",
       "      <td>Mortgage</td>\n",
       "      <td>-0.012539</td>\n",
       "      <td>0.206806</td>\n",
       "      <td>-0.020445</td>\n",
       "      <td>0.109905</td>\n",
       "      <td>-0.033327</td>\n",
       "      <td>1.000000</td>\n",
       "      <td>-0.005411</td>\n",
       "      <td>0.089311</td>\n",
       "      <td>-0.005995</td>\n",
       "      <td>-0.007231</td>\n",
       "    </tr>\n",
       "    <tr>\n",
       "      <td>Securities Account</td>\n",
       "      <td>-0.000436</td>\n",
       "      <td>-0.002616</td>\n",
       "      <td>0.019994</td>\n",
       "      <td>0.015086</td>\n",
       "      <td>-0.010812</td>\n",
       "      <td>-0.005411</td>\n",
       "      <td>1.000000</td>\n",
       "      <td>0.317034</td>\n",
       "      <td>0.012627</td>\n",
       "      <td>-0.015028</td>\n",
       "    </tr>\n",
       "    <tr>\n",
       "      <td>CD Account</td>\n",
       "      <td>0.008043</td>\n",
       "      <td>0.169738</td>\n",
       "      <td>0.014110</td>\n",
       "      <td>0.136534</td>\n",
       "      <td>0.013934</td>\n",
       "      <td>0.089311</td>\n",
       "      <td>0.317034</td>\n",
       "      <td>1.000000</td>\n",
       "      <td>0.175880</td>\n",
       "      <td>0.278644</td>\n",
       "    </tr>\n",
       "    <tr>\n",
       "      <td>Online</td>\n",
       "      <td>0.013702</td>\n",
       "      <td>0.014206</td>\n",
       "      <td>0.010354</td>\n",
       "      <td>-0.003611</td>\n",
       "      <td>-0.015004</td>\n",
       "      <td>-0.005995</td>\n",
       "      <td>0.012627</td>\n",
       "      <td>0.175880</td>\n",
       "      <td>1.000000</td>\n",
       "      <td>0.004210</td>\n",
       "    </tr>\n",
       "    <tr>\n",
       "      <td>CreditCard</td>\n",
       "      <td>0.007681</td>\n",
       "      <td>-0.002385</td>\n",
       "      <td>0.011588</td>\n",
       "      <td>-0.006689</td>\n",
       "      <td>-0.011014</td>\n",
       "      <td>-0.007231</td>\n",
       "      <td>-0.015028</td>\n",
       "      <td>0.278644</td>\n",
       "      <td>0.004210</td>\n",
       "      <td>1.000000</td>\n",
       "    </tr>\n",
       "  </tbody>\n",
       "</table>\n",
       "</div>"
      ],
      "text/plain": [
       "                         Age    Income    Family     CCAvg  Education  \\\n",
       "Age                 1.000000 -0.055269 -0.046418 -0.052012   0.041334   \n",
       "Income             -0.055269  1.000000 -0.157501  0.645984  -0.187524   \n",
       "Family             -0.046418 -0.157501  1.000000 -0.109275   0.064929   \n",
       "CCAvg              -0.052012  0.645984 -0.109275  1.000000  -0.136124   \n",
       "Education           0.041334 -0.187524  0.064929 -0.136124   1.000000   \n",
       "Mortgage           -0.012539  0.206806 -0.020445  0.109905  -0.033327   \n",
       "Securities Account -0.000436 -0.002616  0.019994  0.015086  -0.010812   \n",
       "CD Account          0.008043  0.169738  0.014110  0.136534   0.013934   \n",
       "Online              0.013702  0.014206  0.010354 -0.003611  -0.015004   \n",
       "CreditCard          0.007681 -0.002385  0.011588 -0.006689  -0.011014   \n",
       "\n",
       "                    Mortgage  Securities Account  CD Account    Online  \\\n",
       "Age                -0.012539           -0.000436    0.008043  0.013702   \n",
       "Income              0.206806           -0.002616    0.169738  0.014206   \n",
       "Family             -0.020445            0.019994    0.014110  0.010354   \n",
       "CCAvg               0.109905            0.015086    0.136534 -0.003611   \n",
       "Education          -0.033327           -0.010812    0.013934 -0.015004   \n",
       "Mortgage            1.000000           -0.005411    0.089311 -0.005995   \n",
       "Securities Account -0.005411            1.000000    0.317034  0.012627   \n",
       "CD Account          0.089311            0.317034    1.000000  0.175880   \n",
       "Online             -0.005995            0.012627    0.175880  1.000000   \n",
       "CreditCard         -0.007231           -0.015028    0.278644  0.004210   \n",
       "\n",
       "                    CreditCard  \n",
       "Age                   0.007681  \n",
       "Income               -0.002385  \n",
       "Family                0.011588  \n",
       "CCAvg                -0.006689  \n",
       "Education            -0.011014  \n",
       "Mortgage             -0.007231  \n",
       "Securities Account   -0.015028  \n",
       "CD Account            0.278644  \n",
       "Online                0.004210  \n",
       "CreditCard            1.000000  "
      ]
     },
     "execution_count": 245,
     "metadata": {},
     "output_type": "execute_result"
    }
   ],
   "source": [
    "#Question:1\n",
    "bankdata.corr() # It will show correlation matrix after droping 3 columns"
   ]
  },
  {
   "cell_type": "code",
   "execution_count": 246,
   "metadata": {},
   "outputs": [
    {
     "name": "stdout",
     "output_type": "stream",
     "text": [
      "Number people accepted personal loan : 480 (9.60%)\n",
      "Number people not accepted personal loan : 4520 (90.40%)\n"
     ]
    }
   ],
   "source": [
    "#Question:1\n",
    "## checking number of records and percentage of personal loan coloumn out of total data \n",
    "n_true = len(bankdata.loc[bankdata['Personal Loan'] == 1])\n",
    "n_false = len(bankdata.loc[bankdata['Personal Loan'] == 0])\n",
    "print(\"Number people accepted personal loan : {0} ({1:2.2f}%)\".format(n_true, (n_true / (n_true + n_false)) * 100 ))\n",
    "print(\"Number people not accepted personal loan : {0} ({1:2.2f}%)\".format(n_false, (n_false / (n_true + n_false)) * 100))"
   ]
  },
  {
   "cell_type": "code",
   "execution_count": 156,
   "metadata": {},
   "outputs": [
    {
     "data": {
      "text/plain": [
       "<seaborn.axisgrid.PairGrid at 0x1d16c7b3248>"
      ]
     },
     "execution_count": 156,
     "metadata": {},
     "output_type": "execute_result"
    },
    {
     "data": {
